1738610
1197440
1707870
2015650
20540
390210
1464380
353560
2291130
245050
433100
2637990
334940
1510570
606150
315830
1673830
1074190
1331510
32720
269270
935570
1011190
1265930
330990
1904610
952460
1730240
408640
680480
238750
2539350
465200
1701560
344900
462830
918670
370660
2389240
612820
2460920
1453140
1368910
377670
1721980
981020
467850
317820
508710
959890
1716740
893020
1350350
946610
333420
1213700
542880
1003010
401690
1592110
1432200
555290
430080
634120
1629910
1466640
70900
1051200
1417490
2251120
1710580
1047220
434000
1880470
2732500
1852380
652600
703500
1283430
839910
281430
289070
1958600
303610
1924490
2364090
1211020
278100
415420
1295270
204940
467400
1951940
1184500
2430690
1717570
1159290
1205240
1135090
952250
63900
844180
2692800
679120
523740
2298080
817860
1613470
1084790
2513890
591740
1336340
2234020
2753520
717610
2093410
1547000
2189640
226860
1069740
370590
1055210
1815010
883130
1865670
1636850
375510
342910
453890
1232180
893050
1684510
361950
695050
423580
613830
314830
272990
836760
221260
1295920
1062090
462620
314970
250620
563120
1765540
1959350
1401150
1639890
359870
981880
1704060
2156770
1040390
2740280
484350
618740
897040
351150
663690
1140890
2495980
552440
1847510
1819160
433670
94000
865980
247950
948990
306700
2264310
738610
1628130
1803390
702210
316030
300380
1120810
415670
1743380
1232570
702080
898780
1945590
268500
436860
1036240
201210
1145350
1022980
1141220
466630
885950
354400
770110
105600
750290
850320
1562920
1522280
369990
549040
1946970
420980
1170190
732690
632020
655000
982720
230840
2823080
486850
1552310
937310
58520
1031700
1559600
1199450
545690
1491200
65600
2600600
2728950
707580
311210
1203420
810780
1049220
779650
1182090
352430
1919460
2310190
1726130
446000
459090
704270
1290220
1949220
283580
770390
732050
461210
1229420
1670120
515180
578210
1739000
2758280
368390
2295700
338130
824270
1795470
1840790
1425410
299740
375330
1356810
1224030
435030
389470
1452540
1377550
828900
239030
1912460
259640
1714460
1127970
1406020
1007040
604780
775430
2113900
491220
1025960
290100
884640
1637140
895140
340490
460950
453340
1119710
1497440
1009450
45770
858210
448620
348870
451570
760510
2330750
1155120
781030
401290
443020
539470
625370
1945230
284850
1138260
389870
394540
1013220
1492980
639230
818210
1102190
1405260
973700
598690
508300
1320030
695970
1397240
586880
496760
1895820
1298530
245300
2164930
2402310
65740
513230
2179290
1178430
335120
507380
51000
790360
2322560
115220
669910
1793350
747360
2220360
1914290
1155580
2717080
2404370
320820
238530
326990
2500760
1569140
663210
658630
304460
434620
490870
2258890
400160
1641240
1335030
463070
1282590
1196090
985900
1279370
2373440
2450570
1369340
1250870
1925560
394160
1211930
386080
567030
693960
2889120
464940
1196310
254370
209650
1328660
1574270
1279240
443380
579840
1717090
1286140
